31.18  
3.64   
-0.77  
-8.59  
-0.77  
-7.33  
3.68   
-8.27  
5.63   
-2.92  
-7.38  
16.38  
-4.53  
3.18   
-4.69  
-1.44  
1.31   
-3.39  
7.31   
-11.64 
14.60  
4.65   
0.02   
-0.29  
0.00   
-24.46 
-7.69  
41.56  
11.31  
-6.23  
-9.77  
-10.82 
12.11  
-13.13 
-3.29  
4.80   
-2.95  
-6.62  
1.78   
1.59   
5.45   
-5.55  
-8.04  
-2.00  
-9.48  
3.21   
-5.03  
1.38   
-1.78  
0.00   
-32.82 
-20.36 
5.73   
-7.78  
18.47  
20.29  
-11.02 
0.19   
-4.92  
-3.33  
-3.04  
-5.39  
1.02   
-8.77  
-3.79  
-7.04  
3.30   
3.19   
-4.74  
-2.72  
3.68   
11.76  
-6.89  
-1.82  
0.00   
-12.62 
4.70   
-18.55 
19.00  
-10.64 
4.33   
1.94   
2.05   
3.21   
-4.94  
0.43   
-0.87  
0.37   
0.14   
2.51   
1.12   
0.00   
2.71   
-1.71  
-3.84  
-0.35  
2.52   
4.44   
-0.89  
0.00   
-9.08  
-17.57 
6.02   
-2.80  
-0.42  
0.67   
-0.14  
-3.33  
1.02   
0.35   
-0.83  
-1.08  
0.31   
2.86   
-0.15  
-3.49  
0.43   
-1.15  
-2.51  
-1.03  
-0.75  
0.77   
3.84   
15.27  
0.00   
18.89  
-12.51 
6.49   
-16.78 
-22.20 
-18.86 
1.66   
6.85   
-0.46  
-9.38  
9.77   
3.85   
-4.97  
-1.41  
3.30   
3.39   
-1.16  
0.12   
2.95   
4.25   
-10.71 
12.15  
-3.53  
-0.33  
0.00   
-34.46 
-26.21 
15.08  
-9.18  
-8.34  
11.56  
23.62  
-8.39  
13.23  
0.11   
10.39  
-2.08  
5.97   
3.98   
1.72   
-5.85  
0.61   
-0.93  
12.63  
2.46   
1.17   
-4.53  
0.16   
-2.55  
0.00   
4.79   
45.39  
0.90   
-8.43  
-8.30  
7.17   
-17.99 
1.52   
8.41   
21.73  
18.00  
-1.88  
-4.24  
-5.91  
2.61   
-8.22  
-1.21  
0.73   
2.38   
-2.16  
0.79   
-0.11  
-0.57  
0.77   
0.00   
-6.47  
29.00  
12.38  
-4.52  
-11.48 
3.82   
6.37   
-1.96  
-7.60  
11.49  
-6.52  
-2.94  
19.51  
12.88  
-6.00  
13.89  
-1.76  
4.19   
-2.13  
2.71   
2.72   
4.41   
-3.50  
0.47   
0.00   
-10.52 
17.09  
-7.00  
-4.60  
9.83   
-19.04 
22.88  
23.52  
12.59  
0.84   
-4.61  
-4.66  
-1.04  
-6.96  
-4.90  
-4.88  
-6.51  
-5.24  
-8.28  
4.67   
5.00   
-0.93  
-2.89  
0.35   
0.00   
-38.96 
-2.78  
-8.33  
-3.61  
10.95  
-8.14  
-6.50  
-14.43 
11.24  
4.84   
2.87   
12.60  
-14.57 
1.27   
-4.11  
15.58  
4.73   
1.26   
-5.68  
5.09   
-1.65  
-3.31  
-2.67  
-0.42  
0.00   
42.43  
-22.73 
-0.86  
2.20   
-0.85  
-5.70  
-8.63  
-15.95 
10.72  
-4.95  
10.19  
-15.83 
6.69   
3.87   
1.53   
1.31   
2.44   
-5.34  
-12.43 
2.86   
6.04   
-1.79  
-0.50  
-1.93  
0.00   
27.97  
11.92  
2.54   
-8.35  
18.34  
28.07  
14.20  
2.43   
-10.57 
-9.63  
12.46  
9.82   
0.45   
-8.65  
5.25   
9.29   
-6.19  
-1.62  
-3.37  
2.66   
0.32   
-1.94  
3.37   
0.67   
0.00   
-4.15  
0.76   
-10.92 
-27.43 
5.11   
-0.10  
-13.73 
5.45   
5.57   
-3.19  
-16.85 
-9.17  
1.04   
-0.63  
21.21  
6.97   
-2.58  
0.23   
6.94   
-0.01  
1.15   
-3.17  
1.20   
-0.27  
0.00   
18.53  
-43.12 
-27.53 
-6.07  
-4.39  
12.06  
-3.71  
20.74  
-9.90  
16.73  
0.64   
0.58   
-5.29  
9.47   
-8.87  
1.29   
1.27   
-2.67  
2.10   
1.44   
0.14   
-3.25  
-0.08  
-1.13  
0.00   
11.73  
7.85   
-6.51  
-8.42  
-4.24  
-4.97  
1.00   
-4.55  
-4.86  
-10.53 
-0.65  
-13.08 
-1.30  
-12.96 
-17.14 
4.36   
2.18   
10.18  
6.68   
-6.97  
-3.53  
-8.14  
-3.15  
1.16   
0.00   
6.74   
0.37   
6.71   
-1.18  
7.44   
-7.11  
-2.60  
-0.54  
-5.70  
-5.81  
0.64   
5.36   
-5.18  
14.86  
3.59   
-12.03 
-9.01  
20.01  
-4.35  
3.84   
1.44   
-3.94  
-0.81  
-1.15  
0.00   
29.57  
-21.89 
27.97  
25.92  
4.70   
1.16   
-2.32  
1.42   
12.35  
14.32  
-12.85 
4.10   
2.01   
-13.76 
-0.20  
2.73   
-2.61  
6.58   
3.23   
4.56   
-3.49  
0.87   
2.73   
-0.87  
0.00   
-11.94 
-3.49  
-19.92 
9.45   
-1.73  
-8.95  
-12.71 
-14.66 
-11.17 
-1.66  
-2.24  
8.35   
11.55  
-6.59  
-2.75  
-6.28  
-15.78 
-9.90  
4.78   
6.06   
-1.63  
-2.31  
-3.44  
-0.10  
0.00   
-1.55  
-1.18  
-3.45  
5.14   
12.11  
-19.58 
0.53   
7.53   
-10.63 
2.22   
6.43   
9.53   
15.81  
-4.57  
8.63   
-3.46  
20.16  
1.97   
0.50   
-1.14  
-0.36  
-3.69  
-1.14  
-0.08  
0.00   
5.40   
16.96  
8.75   
-3.39  
-10.87 
9.90   
1.15   
-4.11  
-3.57  
-3.92  
-11.83 
1.56   
-5.59  
1.85   
-1.88  
-7.13  
7.98   
-6.19  
-3.80  
4.45   
-4.40  
-2.53  
0.84   
-1.28  
0.00   
9.64   
15.45  
-1.93  
13.51  
35.67  
-8.01  
8.14   
-7.62  
-4.29  
4.73   
1.15   
-12.01 
-6.54  
11.95  
-0.58  
-0.65  
-0.02  
-5.91  
8.73   
-2.82  
-8.32  
5.02   
1.48   
-0.71  
0.00   
